1000
995
990
985
980
975
970
965
960
955
950
945
940
935
930
925
920
915
910
905
901
896
891
886
881
876
871
866
861
856
851
846
841
836
831
826
821
816
811
806
802
797
792
787
782
777
772
767
762
757
752
747
742
737
732
727
722
717
712
707
703
698
693
688
683
678
673
668
663
658
653
648
643
638
633
628
623
618
613
608
604
599
594
589
584
579
574
569
564
559
554
549
544
539
534
529
524
519
514
509
505
500
495
490
485
480
475
470
465
460
455
450
445
440
435
430
425
420
415
410
406
401
396
391
386
381
376
371
366
361
356
351
346
341
336
331
326
321
316
311
307
302
297
292
287
282
277
272
267
262
257
252
247
242
237
232
227
222
217
212
208
203
198
193
188
183
178
173
168
163
158
153
148
143
138
133
128
123
118
113
109
104
99
94
89
84
79
74
69
64
59
54
49
44
39
34
29
24
19
14
