1000
995.05
990.1
985.15
980.2
975.25
970.3
965.35
960.4
955.45
950.5
945.55
940.6
935.65
930.7
925.75
920.8
915.85
910.9
905.95
901
896.05
891.1
886.15
881.2
876.25
871.3
866.35
861.4
856.45
851.5
846.55
841.6
836.65
831.7
826.75
821.8
816.85
811.9
806.95
802
797.05
792.1
787.15
782.2
777.25
772.3
767.35
762.4
757.45
752.5
747.55
742.6
737.65
732.7
727.75
722.8
717.85
712.9
707.95
703
698.05
693.1
688.15
683.2
678.25
673.3
668.35
663.4
658.45
653.5
648.55
643.6
638.65
633.7
628.75
623.8
618.85
613.9
608.95
604
599.05
594.1
589.15
584.2
579.25
574.3
569.35
564.4
559.45
554.5
549.55
544.6
539.65
534.7
529.75
524.8
519.85
514.9
509.95
505
500.05
495.1
490.15
485.2
480.25
475.3
470.35
465.4
460.45
455.5
450.55
445.6
440.65
435.7
430.75
425.8
420.85
415.9
410.95
406
401.05
396.1
391.15
386.2
381.25
376.3
371.35
366.4
361.45
356.5
351.55
346.6
341.65
336.7
331.75
326.8
321.85
316.9
311.95
307
302.05
297.1
292.15
287.2
282.25
277.3
272.35
267.4
262.45
257.5
252.55
247.6
242.65
237.7
232.75
227.8
222.85
217.9
212.95
208
203.05
198.1
193.15
188.2
183.25
178.3
173.35
168.4
163.45
158.5
153.55
148.6
143.65
138.7
133.75
128.8
123.85
118.9
113.95
109
104.05
99.1
94.15
89.2
84.25
79.3
74.35
69.4
64.45
59.5
54.55
49.6
44.65
39.7
34.75
29.8
24.85
19.9
14.95
