10
59
109
158
208
257
307
356
406
455
505
554
604
653
703
752
802
851
901
950
1000
10
59
109
158
208
257
307
356
406
455
505
554
604
653
703
752
802
851
901
950
1000
10
59
109
158
208
257
307
356
406
455
505
554
604
653
703
752
802
851
901
950
1000
10
59
109
158
208
257
307
356
406
455
505
554
604
653
703
752
802
851
901
950
1000
10
59
109
158
208
257
307
356
406
455
505
554
604
653
703
752
802
851
901
950
1000
10
59
109
158
208
257
307
356
406
455
505
554
604
653
703
752
802
851
901
950
1000
10
59
109
158
208
257
307
356
406
455
505
554
604
653
703
752
802
851
901
950
1000
10
59
109
158
208
257
307
356
406
455
505
554
604
653
703
752
802
851
901
950
1000
10
59
109
158
208
257
307
356
406
455
505
554
604
653
703
752
802
851
901
950
1000
10
59
109
158
208
257
307
356
406
455
505
