10
59.5
109
158.5
208
257.5
307
356.5
406
455.5
505
554.5
604
653.5
703
752.5
802
851.5
901
950.5
1000
10
59.5
109
158.5
208
257.5
307
356.5
406
455.5
505
554.5
604
653.5
703
752.5
802
851.5
901
950.5
1000
10
59.5
109
158.5
208
257.5
307
356.5
406
455.5
505
554.5
604
653.5
703
752.5
802
851.5
901
950.5
1000
10
59.5
109
158.5
208
257.5
307
356.5
406
455.5
505
554.5
604
653.5
703
752.5
802
851.5
901
950.5
1000
10
59.5
109
158.5
208
257.5
307
356.5
406
455.5
505
554.5
604
653.5
703
752.5
802
851.5
901
950.5
1000
10
59.5
109
158.5
208
257.5
307
356.5
406
455.5
505
554.5
604
653.5
703
752.5
802
851.5
901
950.5
1000
10
59.5
109
158.5
208
257.5
307
356.5
406
455.5
505
554.5
604
653.5
703
752.5
802
851.5
901
950.5
1000
10
59.5
109
158.5
208
257.5
307
356.5
406
455.5
505
554.5
604
653.5
703
752.5
802
851.5
901
950.5
1000
10
59.5
109
158.5
208
257.5
307
356.5
406
455.5
505
554.5
604
653.5
703
752.5
802
851.5
901
950.5
1000
10
59.5
109
158.5
208
257.5
307
356.5
406
455.5
505
