505
657
795
905
975
1000
975
905
795
657
505
352
214
104
34
10
34
104
214
352
504
657
795
905
975
1000
975
905
795
657
505
352
214
104
34
10
34
104
214
352
504
657
795
905
975
1000
975
905
795
657
505
352
214
104
34
10
34
104
214
352
504
657
795
905
975
1000
975
905
795
657
505
352
214
104
34
10
34
104
214
352
504
657
795
905
975
1000
975
905
795
657
505
352
214
104
34
10
34
104
214
352
504
657
795
905
975
1000
975
905
795
657
504
352
214
104
34
10
34
104
214
352
504
657
795
905
975
1000
975
905
795
657
505
352
214
104
34
10
34
104
214
352
504
657
795
905
975
1000
975
905
795
657
505
352
214
104
34
10
34
104
214
352
504
657
795
905
975
1000
975
905
795
657
504
352
214
104
34
10
34
104
214
352
504
657
795
905
975
1000
975
905
795
657
504
352
214
104
34
10
34
104
214
352
