505
657.963
795.954
905.463
975.773
1000
975.773
905.463
795.954
657.963
505
352.037
214.046
104.537
34.227
10
34.227
104.537
214.046
352.037
505
657.963
795.954
905.463
975.773
1000
975.773
905.463
795.954
657.963
505
352.037
214.046
104.537
34.227
10
34.227
104.537
214.046
352.037
505
657.963
795.954
905.463
975.773
1000
975.773
905.463
795.954
657.963
505
352.037
214.046
104.537
34.227
10
34.227
104.537
214.046
352.037
505
657.963
795.954
905.463
975.773
1000
975.773
905.463
795.954
657.963
505
352.037
214.046
104.537
34.227
10
34.227
104.537
214.046
352.037
505
657.963
795.954
905.463
975.773
1000
975.773
905.463
795.954
657.963
505
352.037
214.046
104.537
34.227
10
34.227
104.537
214.046
352.037
505
657.963
795.954
905.463
975.773
1000
975.773
905.463
795.954
657.963
505
352.037
214.046
104.537
34.227
10
34.227
104.537
214.046
352.037
505
657.963
795.954
905.463
975.773
1000
975.773
905.463
795.954
657.963
505
352.037
214.046
104.537
34.227
10
34.227
104.537
214.046
352.037
505
657.963
795.954
905.463
975.773
1000
975.773
905.463
795.954
657.963
505
352.037
214.046
104.537
34.227
10
34.227
104.537
214.046
352.037
505
657.963
795.954
905.463
975.773
1000
975.773
905.463
795.954
657.963
505
352.037
214.046
104.537
34.227
10
34.227
104.537
214.046
352.037
505
657.963
795.954
905.463
975.773
1000
975.773
905.463
795.954
657.963
505
352.037
214.046
104.537
34.227
10
34.227
104.537
214.046
352.037
