564.521
266.679
29.9004
27.1785
116.458
328.861
540.296
897.717
606.771
254.068
147.519
151.299
129.01
626.974
113.646
314.011
411.668
549.913
673.973
620.653
460.391
488.367
552.544
77.8672
375.467
356.746
846.666
304.877
882.142
555.992
55.9102
254.068
462.72
295.562
231.143
185.989
403.2
911.085
118.243
63.8945
814.335
582.365
227.09
822.652
912.9
55.0633
655.585
614.665
497.107
815.484
742.899
434.049
46.1414
456.974
210.91
319.878
341.231
381.727
958.356
540.114
29.2956
845.91
247.051
849.327
946.682
473.638
211.122
329.073
793.195
24.1541
644.667
815.121
813.458
779.313
989.175
563.281
147.307
308.718
278.989
978.589
541.778
756.146
154.717
176.674
24.1541
690.819
693.541
165.967
219.106
532.916
112.769
428.363
954.939
525.264
978.71
723.089
894.965
448.929
282.739
756.721
633.386
865.931
702.009
714.772
233.653
221.858
586.478
207.734
531.706
474.576
980.616
618.234
183.025
716.768
104.905
474.031
747.889
377.251
722.242
725.509
892.969
388.562
813.791
633.779
923.243
120.844
918.465
156.259
703.673
272.002
541.989
437.497
292.78
595.218
142.468
454.04
222.009
671.645
919.039
249.773
832.391
537.422
80.8916
882.958
575.651
453.617
581.125
619.807
619.776
592.708
288.485
289.604
800.06
920.582
393.492
488.821
202.623
66.4653
994.709
575.59
304.333
395.972
868.199
972.359
171.321
241.97
87.9384
879.027
470.069
328.8
697.019
842.583
837.623
389.076
134.09
303.849
427.909
125.713
363.218
558.139
55.2145
338.599
653.619
277.295
886.134
530.436
922.215
967.308
83.3413
703.007
432.416
589.684
154.928
685.647
923.818
648.599
699.892
743.262
948.013
17.6517
