59
752
690
207
397
314
761
192
795
610
695
972
709
761
604
71
216
691
101
355
976
235
381
501
370
988
524
530
663
351
621
578
55
944
751
90
800
320
324
558
132
216
949
797
118
776
59
220
977
780
697
320
894
105
40
663
196
890
419
908
847
254
63
156
719
610
730
288
175
293
22
95
318
867
48
788
396
28
972
259
825
459
276
501
804
183
821
937
822
130
713
757
683
461
79
232
170
897
896
68
984
247
266
678
885
395
530
273
657
575
81
865
969
393
12
744
575
10
342
934
446
488
423
444
131
368
97
803
790
999
290
844
568
432
641
843
673
434
736
723
843
808
494
237
936
25
651
796
966
541
285
958
662
540
57
498
41
399
635
382
306
675
436
828
196
205
962
612
933
466
561
606
863
537
337
172
745
682
658
504
721
790
385
752
395
548
880
297
174
415
527
949
966
704
772
379
912
475
88
440
