10
10
10
10
10
10
10
10
10
10
10
10
10
10
10
10
10
10
10
10
10
109
109
109
109
109
109
109
109
109
109
109
109
109
109
109
109
109
109
109
109
109
208
208
208
208
208
208
208
208
208
208
208
208
208
208
208
208
208
208
208
208
208
307
307
307
307
307
307
307
307
307
307
307
307
307
307
307
307
307
307
307
307
307
406
406
406
406
406
406
406
406
406
406
406
406
406
406
406
406
406
406
406
406
406
505
505
505
505
505
505
505
505
505
505
505
505
505
505
505
505
505
505
505
505
505
604
604
604
604
604
604
604
604
604
604
604
604
604
604
604
604
604
604
604
604
604
703
703
703
703
703
703
703
703
703
703
703
703
703
703
703
703
703
703
703
703
703
802
802
802
802
802
802
802
802
802
802
802
802
802
802
802
802
802
802
802
802
802
901
901
901
901
901
901
901
901
901
901
901
