10
14
19
24
29
34
39
44
49
54
59
64
69
74
79
84
89
94
99
104
109
113
118
123
128
133
138
143
148
153
158
163
168
173
178
183
188
193
198
203
208
212
217
222
227
232
237
242
247
252
257
262
267
272
277
282
287
292
297
302
307
311
316
321
326
331
336
341
346
351
356
361
366
371
376
381
386
391
396
401
406
410
415
420
425
430
435
440
445
450
455
460
465
470
475
480
485
490
495
500
505
509
514
519
524
529
534
539
544
549
554
559
564
569
574
579
584
589
594
599
604
608
613
618
623
628
633
638
643
648
653
658
663
668
673
678
683
688
693
698
703
707
712
717
722
727
732
737
742
747
752
757
762
767
772
777
782
787
792
797
802
806
811
816
821
826
831
836
841
846
851
856
861
866
871
876
881
886
891
896
901
905
910
915
920
925
930
935
940
945
950
955
960
965
970
975
980
985
990
995
