10
14.95
19.9
24.85
29.8
34.75
39.7
44.65
49.6
54.55
59.5
64.45
69.4
74.35
79.3
84.25
89.2
94.15
99.1
104.05
109
113.95
118.9
123.85
128.8
133.75
138.7
143.65
148.6
153.55
158.5
163.45
168.4
173.35
178.3
183.25
188.2
193.15
198.1
203.05
208
212.95
217.9
222.85
227.8
232.75
237.7
242.65
247.6
252.55
257.5
262.45
267.4
272.35
277.3
282.25
287.2
292.15
297.1
302.05
307
311.95
316.9
321.85
326.8
331.75
336.7
341.65
346.6
351.55
356.5
361.45
366.4
371.35
376.3
381.25
386.2
391.15
396.1
401.05
406
410.95
415.9
420.85
425.8
430.75
435.7
440.65
445.6
450.55
455.5
460.45
465.4
470.35
475.3
480.25
485.2
490.15
495.1
500.05
505
509.95
514.9
519.85
524.8
529.75
534.7
539.65
544.6
549.55
554.5
559.45
564.4
569.35
574.3
579.25
584.2
589.15
594.1
599.05
604
608.95
613.9
618.85
623.8
628.75
633.7
638.65
643.6
648.55
653.5
658.45
663.4
668.35
673.3
678.25
683.2
688.15
693.1
698.05
703
707.95
712.9
717.85
722.8
727.75
732.7
737.65
742.6
747.55
752.5
757.45
762.4
767.35
772.3
777.25
782.2
787.15
792.1
797.05
802
806.95
811.9
816.85
821.8
826.75
831.7
836.65
841.6
846.55
851.5
856.45
861.4
866.35
871.3
876.25
881.2
886.15
891.1
896.05
901
905.95
910.9
915.85
920.8
925.75
930.7
935.65
940.6
945.55
950.5
955.45
960.4
965.35
970.3
975.25
980.2
985.15
990.1
995.05
